401468016
401468017
401468018
401468019
401468020
401468021
401468022
401468023
401468024
401468025
401468026
401468027
401468028
401468029
401468170
401468171
401468172
401468173
401468174
401468175
401468176
401468177
401468178
401468179
401468180
401468181
401468182
401468183
401468184
401468185
401468186
401468187
401468188
401468189
401468190
401468191
401468192
401468193
401468194
401468195
401468196
401468197
401468198
401468199
401468200
401468201
401468202
401468203
401468204
401468205
401468206
401468207
401468208
401468209
401468210
401468211
401468212
401468213
401468214
401468215
401468216
401468217
401468218
401468219
401468220
401468221
401468222
401468223
401468224
401468225
401468226
401468227
401468228
401468229
401468230
401468231
401468232
401468233
401468234
401468235
401468236
401468237
401468238
401468239
401468240
401468241
401468242
401468243
401468244
401468245
401468246
401468247
401468248
401468249
401468250
401468251
401468252
401468253
401468254
401468255
401468256
401468257
401468258
401468259
401468260
401468261
401468262
401468263
401468264
401468265
401468266
401468267
401468268
401468269
401468270
401468271
401468272
401468273
401468274
401468275
401468276
401468277
401468278
401468279
401468280
401468281
401468282
401468283
401468284
401468285
401468286
401468287
401468288
401468289
401468290
401468291
401468292
401468293
401468294
401468295
401468296
401468297
401468298
401468299
401468300
401468301
401468302
401468303
401468304
401468305
401468306
401468307
401468308
401468309
401468310
401468311
401468312
401468313
401468314
401468315
401468316
401468317
401468318
401468319
401468320
401468321
401468322
401468323
401468324
401468325
401468326
401468327
401468328
401468329
401468330
401468331
401468332
401468333
401468334
401468335
401468336
401468337
401468338
401468339
401468340
401468341
401468342
401468343
401468344
401468345
401468346
401468347
401468348
401468349
401468350
401468351
401468352
401468353
401468354
401468355
401468356
401468357
401468358
401468359
401468360
401468361
401468362
401468363
401468364
401468365
401468366
401468367
401468368
401468369
401468370
401468371
401468372
401468373
401468374
401468375
401468376
401468377
401468378
401468379
401468380
401468381
401468382
401468383
401468384
401468385
401468386
401468387
401468388
401468389
401468390
401468391
401468392
401468393
401468394
401468395
401468396
401468397
401468398
401468399
401468400
401468401
401468402
401468403
401468404
401468405
401468406
401468407
401468408
401468409
401468410
401468411
401468412
401468413
401468414
401468415
401468416
401468417
401468418
401468419
401468420
401468421
401468422
401468423
401468424
401468425
401468426
401468427
401468428
401468429
401468430
401468431
401468432
401468433
401468434
401468435
401468436
401468437
401468438
401468439
401468440
401468441
401468442
401468443
401468444
401468445
401468446
401468447
401468448
401468449
401468450
401468451
401468452
401468453
401468454
401468455
401468456
401468457
401468458
401468459
401468460
401468461
401468462
401468463
401468464
401468465
401468466
401468467
401468468
401468469
401468470
401468471
401468472
401468473
401468474
401468475
401468476
401468477
401468478
401468479
401468480
401468481
401468482
401468483
401468484
401468485
401468486
401468487
401468488
401468489
401468490
401468491
401468492
401468493
401468494
401468495
401468496
401468497
401468498
401468499
401468500
401468501
401468502
401468503
401468504
401468505
401468506
401468507
401468508
401468509
401468510
401468511
401468512
401468513
401468514
401468515
401468516
401468517
401468518
401468519
401468520
401468521
401468522
401468523
401468524
401468525
401468526
401468527
401468528
401468529
401468530
401468531
401468532
401468533
401468534
401468535
401468536
401468537
401468538
401468539
401468540
401468541
401468542
401468543
401468544
401468545
401468546
401468547
401468548
401468549
401468550
401468551
401468552
401468553
401468554
401468555
401468556
401468557
401468558
401468559
401468560
401468561
401468562
401468563
401468564
401468565
401468566
401468567
401468568
401468569
401468570
401468571
401468572
401468573
401468574
401468575
401468576
401468577
401468578
401468579
401468580
401468581
401468582
401468583
401468584
401468585
401468586
401468587
401468588
401468589
401468590
401468591
401468592
401468593
401468594
401468595
401468596
401468597
401468598
401468599
401468600
401468601
401468602
401468603
401468604
401468605
401468606
401468607
401468608
401468609
401468610
401468611
401468612
401468613
401468614
401468615
401468616
401468617
401468618
401468619
401468620
401468621
401468622
401468623
401468624
401468625
401468626
401468627
401468628
401468629
401468630
401468631
401468632
401468633
401468634
401468635
401468636
401468637
401468638
401468639
401468640
401468641
401468642
401468643
401468644
401468645
401468646
401468647
401468648
401468649
401468650
401468651
401468652
401468653
401468654
401468655
401468656
401468657
401468658
401468659
401468660
401468661
401468662
401468663
401468664
401468665
401468666
401468667
401468668
401468669
401468670
401468671
401468672
401468673
401468674
401468675
401468676
401468677
401468678
401468679
401468680
401468681
401468682
401468683
401468684
401468685
401468686
401468687
401468688
401468689
401468690
401468691
401468692
401468693
401468694
401468695
401468696
401468697
401468698
401468699
401468700
401468701
401468702
401468703
401468704
401468705
401468706
401468707
401468708
401468709
401468710
401468711
401468712
401468713
401468714
401468715
401468716
401468717
401468718
401468719
401468720
401468721
401468722
401468723
401468724
401468725
401468726
401468727
401468728
401468729
401468730
401468731
401468732
401468733
401468734
401468735
401468736
401468737
401468738
401468739
401468740
401468741
401468742
401468743
401468744
401468745
401468746
401468747
401468748
401468749
401468750
401468751
401468752
401468753
401468754
401468755
401468756
401468757
401468758
401468759
401468760
401468761
401468762
401468763
401468764
401468765
401468766
401468767
401468768
401468769
401468770
401468771
401468772
401468773
401468774
401468775
401468776
401468777
401468778
401468779
401468780
401468781
401468782
401468783
401468784
401468785
401468786
401468787
401468788
401468789
401468790
401468791
401468792
401468793
401468794
401468795
401468796
401468797
401468798
401468799
401468800
401468801
401468802
401468803
401468804
401468805
401468806
401468807
401468808
401468809
401468810
401468811
401468812
401468813
401468814
401468815
401468816
401468817
401468818
401468819
401468820
401468821
401468822
401468823
401468824
401468825
401468826
401468827
401468828
401468829
401468830
401468831
401468832
401468833
401468834
401468835
401468836
401468837
401468838
401468839
401468840
401468841
401468842
401468843
401468844
401468845
401468846
401468847
401468848
401468849
401468850
401468851
401468852
401468853
401468854
401468855
401468856
401468857
401468858
401468859
401468860
401468861
401468862
401468863
401468864
401468865
401468866
401468867
401468868
401468869
401468870
401468871
401468872
401468873
401468874
401468875
401468876
401468877
401468878
401468879
401468880
401468881
401468882
401468883
401468884
401468885
401468886
401468887
401468888
401468889
401468890
401468891
401468892
401468893
401468894
401468895
401468896
401468897
401468898
401468899
401468900
401468901
401468902
401468903
401468904
401468905
401468906
401468907
401468908
401468909
401468910
401468911
401468912
401468913
401468914
401468915
401468916
401468917
401468918
401468919
401468920
401468921
401468922
401468923
401526670
401468925
401468926
401468927
401468928
401468929
401468930
401468931
401468932
401468933
401468934
401468935
401468936
401468937
401468938
401468939
401468940
401468941
401468942
401468943
401468944
401468945
401468946
401468947
401468948
401468949
401468950
401468951
401468952
401468953
401468954
401468955
401468956
401468957
401468958
401468959
401468960
401468961
401468962
401468963
401468964
401468965
401468966
401468967
401468968
401468969
401468970
401468971
401468972
401468973
401468974
401468975
401468976
401468977
401468978
401468979
401468980
401468981
401468982
401468983
401468984
401468985
401468986
401468987
401468988
401468989
401468990
401468991
401468992
401468993
401468994
401468995
401468996
401468997
401468998
401468999
401469000
401469001
401469002
401469003
401469004
401469005
401469006
401469007
401469008
401469009
401469010
401469011
401469012
401469013
401469014
401469015
401469016
401469017
401469018
401469019
401469020
401469021
401469022
401469023
401469024
401469025
401469026
401469027
401469028
401469029
401469030
401469031
401469032
401469033
401469034
401469035
401469036
401469037
401469038
401469039
401469040
401469041
401469042
401469043
401469044
401469045
401469046
401469047
401469048
401469049
401469050
401469051
401469052
401469053
401469054
401469055
401469056
401469057
401469058
401469059
401469060
401469061
401469062
401469063
401469064
401469065
401469066
401469067
401469068
401469069
401469070
401469071
401469072
401469073
401469074
401469075
401469076
401469077
401469078
401469079
401469080
401469081
401469082
401469083
401469084
401469085
401469086
401469087
401469088
401469089
401469090
401469091
401469092
401469093
401469094
401469095
401469096
401469097
401469098
401469099
401469100
401469101
401469102
401469103
401469104
401469105
401469106
401469107
401469108
401469109
401469110
401469111
401469112
401469113
401469114
401469115
401469116
401469117
401469118
401469119
401469120
401469121
401469122
401469123
401469124
401469125
401469126
401469127
401469128
401469129
401469130
401469131
401469132
401469133
401469134
401469135
401469136
401469137
401469138
401469139
401469140
401469141
401469142
401469143
401469144
401469145
401469146
401469147
401469148
401469149
401469150
401469151
401469152
401469153
401469154
401469155
401469156
401469157
401469158
401469159
401469160
401469161
401469162
401469163
401469164
401469165
401469166
401469167
401469168
401469169
401469170
401469171
401469172
401469173
401469174
401469175
401469176
401469177
401469178
401469179
401469180
401469181
401469182
401469183
401469184
401469185
401469186
401469187
401469188
401469189
401469190
401469191
401469192
401469193
401469194
401469195
401469196
401469197
401469198
401469199
401469200
401469201
401469202
401469203
401469204
401469205
401469206
401469207
401469208
401469209
401469210
401469211
401469212
401469213
401469214
401469215
401469216
401469217
401469218
401469219
401469220
401469221
401469222
401469223
401469224
401469225
401469226
401469227
401469228
401469229
401469230
401469231
401469232
401469233
401469234
401469235
401469236
401469237
401469238
401469239
401469240
401469241
401469242
401469243
401469244
401469245
401469246
401469247
401469248
401469249
401469250
401469251
401469252
401469253
401469254
401469255
401469256
401469257
401469258
401469259
401469260
401469261
401469262
401469263
401469264
401469265
401469266
401469267
401469268
401469269
401469270
401469271
401469272
401469273
401469274
401469275
401469276
401469277
401469278
401469279
401469280
401469281
401469282
401469283
401469284
401469285
401469286
401469287
401469288
401469289
401469290
401469291
401469292
401469293
401469294
401469295
401469296
401469297
401469298
401469299
401469300
401469301
401469302
401469303
401469304
401469305
401469306
401469307
401469308
401469309
401469310
401469311
401469312
401469313
401469314
401469315
401469316
401469317
401469318
401469319
401469320
401469321
401469322
401469323
401469324
401469325
401469326
401469327
401469328
401469329
401469330
401469331
401469332
401469333
401469334
401469335
401469336
401469337
401469338
401469339
401469340
401469341
401469342
401469343
401469344
401469345
401469346
401469347
401469348
401469349
401469350
401469351
401469352
401469353
401469354
401469355
401469356
401469357
401469358
401469359
401469360
401469361
401469362
401469363
401469364
401469365
401469366
401469367
401469368
401469369
401469370
401469371
401469372
401469373
401469374
401469375
401469376
401469377
401469378
401469379
401469380
401469381
401469382
401469383
401469384
401469385