401584689
401584690
401584691
401584692
401584693
401584694
401584695
401584696
401584697
401584698
401584699
401584700
401584701
401584702
401584703
401584704
401584705
401584706
401584707
401584708
401584709
401584710
401584711
401584712
401584713
401584714
401584715
401584716
401584717
401584718
401584719
401584720
401584721
401584722
401584723
401584724
401584725
401584726
401584727
401584728
401584729
401584730
401584731
401584732
401584733
401584734
401584735
401584736
401584737
401584738
401584739
401584740
401584741
401584742
401584743
401584744
401584745
401584746
401584747
401584748
401584749
401584750
401584751
401584752
401584753
401584754
401584755
401584756
401584757
401584758
401584759
401584760
401584761
401584762
401584763
401584764
401584765
401584766
401584767
401584768
401584769
401584770
401584771
401584772
401584773
401584774
401584775
401584776
401584777
401584778
401584779
401584780
401584781
401584782
401584783
401584784
401584785
401584786
401584787
401584788
401584789
401584790
401584791
401584792
401584793
401584794
401584795
401584796
401584797
401584798
401584799
401584800
401584801
401584802
401584803
401584804
401584805
401584806
401584807
401584808
401584809
401584810
401584811
401584812
401584813
401584814
401584815
401584816
401584817
401584818
401584819
401584820
401584821
401584822
401584823
401584824
401584825
401584826
401584827
401584828
401584829
401584830
401584831
401584832
401584833
401584834
401584835
401584836
401584837
401584838
401584839
401584840
401584841
401584842
401584843
401584844
401584845
401584846
401584847
401584848
401584849
401584850
401584851
401584852
401584853
401584854
401584855
401584856
401584857
401584858
401584859
401584860
401584861
401584862
401584863
401584864
401584865
401584866
401584867
401584868
401584869
401584870
401584871
401584872
401584873
401584874
401584875
401584876
401584877
401584878
401584879
401584880
401584881
401584882
401584883
401584884
401584885
401584886
401584887
401584888
401584889
401584890
401584891
401584892
401584893
401584894
401584895
401584896
401584897
401584898
401584899
401584900
401584901
401584902
401584903
401584904
401584905
401584906
401584907
401584908
401584909
401584910
401584911
401584912
401584913
401584914
401584915
401584916
401584917
401584918
401584919
401584920
401584921
401584922
401584923
401584924
401584925
401584926
401584927
401584928
401584929
401584930
401584931
401584932
401584933
401584934
401584935
401584936
401584937
401584938
401584939
401584940
401584941
401584942
401584943
401584944
401584945
401584946
401584947
401584948
401584949
401584950
401584951
401584952
401584953
401584954
401584955
401584956
401584957
401584958
401584959
401584960
401584961
401584962
401584963
401584964
401584965
401584966
401584967
401584968
401584969
401584970
401584971
401584972
401584973
401584974
401584975
401584976
401584977
401584978
401584979
401584980
401584981
401584982
401584983
401584984
401584985
401584986
401584987
401584988
401584989
401584990
401584991
401584992
401584993
401584994
401584995
401584996
401584997
401584998
401584999
401585000
401585001
401585002
401585003
401585004
401585005
401585006
401585007
401585008
401585009
401585010
401585011
401585012
401585013
401585014
401585015
401585016
401585017
401585018
401585019
401585020
401585021
401585022
401585023
401585024
401585025
401585026
401585027
401585028
401585029
401585030
401585031
401585032
401585033
401585034
401585035
401585036
401585037
401585038
401585039
401585040
401585041
401585042
401585043
401585044
401585045
401585046
401585047
401585048
401585049
401585050
401585051
401585052
401585053
401585054
401585055
401585056
401585057
401585058
401585059
401585060
401585061
401585062
401585063
401585064
401585065
401585066
401585067
401585068
401585069
401585070
401585071
401585072
401585073
401585074
401585075
401585076
401585077
401585078
401585079
401585080
401585081
401585082
401585083
401585084
401585085
401585086
401585087
401585088
401585089
401585090
401585091
401585092
401585093
401585094
401585095
401585096
401585097
401585098
401585099
401585100
401585101
401585102
401585103
401585104
401585105
401585106
401585107
401585108
401585109
401585110
401585111
401585112
401585113
401585114
401585115
401585116
401585117
401585118
401585119
401585120
401585121
401585122
401585123
401585124
401585125
401585126
401585127
401585128
401585129
401585130
401585131
401585132
401585133
401585134
401585135
401585136
401585137
401585138
401585139
401585140
401585141
401585142
401585143
401585144
401585145
401585146
401585147
401585148
401585149
401585150
401585151
401585152
401585153
401585154
401585155
401585156
401585157
401585158
401585159
401585160
401585161
401585162
401585163
401585164
401585165
401585166
401585167
401585168
401585169
401585170
401585171
401585172
401585173
401585174
401585175
401585176
401585177
401585178
401585179
401585180
401585181
401585182
401585183
401585184
401585185
401585186
401585187
401585188
401585189
401585190
401585191
401585192
401585193
401585194
401585195
401585196
401585197
401585198
401585199
401585200
401585201
401585202
401585203
401585204
401585205
401585206
401585207
401585208
401585209
401585210
401585211
401585212
401585213
401585214
401585215
401585216
401585217
401585218
401585219
401585220
401585221
401585222
401585223
401585224
401585225
401585226
401585227
401585228
401585229
401585230
401585231
401585232
401585233
401585234
401585235
401585236
401585237
401585238
401585239
401585240
401585241
401585242
401585243
401585244
401585245
401585246
401585247
401585248
401585249
401585250
401585251
401585252
401585253
401585254
401585255
401585256
401585257
401585258
401585259
401585260
401585261
401585262
401585263
401585264
401585265
401585266
401585267
401585268
401585269
401585270
401585271
401585272
401585273
401585274
401585275
401585276
401585277
401585278
401585279
401585280
401585281
401585282
401585283
401585284
401585285
401585286
401585287
401585288
401585289
401585290
401585291
401585292
401585293
401585294
401585295
401585296
401585297
401585298
401585299
401585300
401585301
401585302
401585303
401585304
401585305
401585306
401585307
401585308
401585309
401585310
401585311
401585312
401585313
401585314
401585315
401585316
401585317
401585318
401585319
401585320
401585321
401585322
401585323
401585324
401585325
401585326
401585327
401585328
401585329
401585330
401585331
401585332
401585333
401585334
401585335
401585336
401585337
401585338
401585339
401585340
401585341
401585342
401585343
401585344
401585345
401585346
401585347
401585348
401585349
401585350
401585351
401585352
401585353
401585354
401585355
401585356
401585357
401585358
401585359
401585360
401585361
401585362
401585363
401585364
401585365
401585366
401585367
401585368
401585369
401585370
401585371
401585372
401585373
401585374
401585375
401585376
401585377
401585378
401585379
401585380
401585381
401585382
401585383
401585384
401585385
401585386
401585387
401585388
401585389
401585390
401585391
401585392
401585393
401585394
401585395
401585396
401585397
401585398
401585399
401585400
401585401
401585402
401585403
401585404
401585405
401585406
401585407
401585408
401585409
401585410
401585411
401585412
401585413
401585414
401585415
401585416
401585417
401585418
401585419
401585420
401585421
401585422
401585423
401585424
401585425
401585426
401585427
401585428
401585429
401585430
401585431
401585432
401585433
401585434
401585435
401585436
401585437
401585438
401585439
401585440
401585441
401585442
401585443
401585444
401585445
401585446
401585447
401585448
401585449
401585450
401585451
401585452
401585453
401585454
401585455
401585456
401585457
401585458
401585459
401585460
401585461
401585462
401585463
401585464
401585465
401585466
401585467
401585468
401585469
401585470
401585471
401585472
401585473
401585474
401585475
401585476
401585477
401585478
401585479
401585480
401585481
401585482
401585483
401585484
401585485
401585486
401585487
401585488
401585489
401585490
401585491
401585492
401585493
401585494
401585495
401585496
401585497
401585498
401585499
401585500
401585501
401585502
401585503
401585504
401585505
401585506
401585507
401585508
401585509
401585510
401585511
401585512
401585513
401585514
401585515
401585516
401585517
401585518
401585519
401585520
401585521
401585522
401585523
401585524
401585525
401585526
401585527
401585528
401585529
401585530
401585531
401585532
401585533
401585534
401585535
401585536
401585537
401585538
401585539
401585540
401585541
401585542
401585543
401585544
401585545
401585546
401585547
401585548
401585549
401585550
401585551
401585552
401585553
401585554
401585555
401585556
401585557
401585558
401585559
401585560
401585561
401585562
401585563
401585564
401585565
401585566
401585567
401585568
401585569
401585570
401585571
401585572
401585573
401585574
401585575
401585576
401585577
401585578
401585579
401585580
401585581
401585582
401585583
401585584
401585585
401585586
401585587
401585588
401585589
401585590
401585591
401585592
401585593
401585594
401585595
401585596
401585597
401585598
401585599
401585600
401585601
401585602
401585603
401585604
401585605
401585606
401585607
401585608
401585609
401585610
401585611
401585612
401585613
401585614
401585615
401585616
401585617
401585618
401585619
401585620
401585621
401585622
401585623
401585624
401585625
401585626
401585627
401585628
401585629
401585630
401585631
401585632
401585633
401585634
401585635
401585636
401585637
401585638
401585639
401585640
401585641
401585642
401585643
401585644
401585645
401585646
401585647
401585648
401585649
401585650
401585651
401585652
401585653
401585654
401585655
401585656
401585657
401585658
401585659
401585660
401585661
401585662
401585663
401585664
401585665
401585666
401585667
401585668
401585669
401585670
401585671
401585672
401585673
401585674
401585675
401585676
401585677
401585678
401585679
401585680
401585681
401585682
401585683
401585684
401585685
401585686
401585687
401585688
401585689
401585690
401585691
401585692
401585693
401585694
401585695
401585696
401585697
401585698
401585699
401585700
401585701
401585702
401585703
401585704
401585705
401585706
401585707
401585708
401585709
401585710
401585711
401585712
401585713
401585714
401585715
401585716
401585717
401585718
401585719
401585720
401585721
401585722
401585723
401585724
401585725
401585726
401585727
401585728
401585729
401585730
401585731
401585732
401585733
401585734
401585735
401585736
401585737
401585738
401585739
401585740
401585741
401585742
401585743
401585744
401585745
401585746
401585747
401585748
401585749
401585750
401585751
401585752
401585753
401585754
401585755
401585756
401585757
401585758
401585759
401585760
401585761
401585762
401585763
401585764
401585765
401585766
401585767
401585768
401585769
401585770
401585771
401585772
401585773
401585774
401585775
401585776
401585777
401585778
401585779
401585780
401585781
401585782
401585783
401585784
401585785
401585786
401585787
401585788
401585789
401585790
401585791
401585792
401585793
401585794
401585795
401585796
401585797
401585798
401585799
401585800
401585801
401585802
401585803
401585804
401585805
401585806
401585807
401585808
401585809
401585810
401585811
401585812
401585813
401585814
401585815
401585816
401585817
401585818
401585819
401585820
401585821
401585822
401585823
401585824
401585825
401585826
401585827
401585828